# Generate answer of size: 101
10 5
1 4
10 19
1 1
3 11
3 4
9 17
11 12
7 16
4 7
11 3
9 7
7 12
7 8
8 0
3 8
6 1
-1 10
6 5
9 17
0 9
3 3
4 6
2 14
9 2
7 2
4 16
2 20
11 13
-1 10
10 2
7 17
1 5
4 19
10 14
5 4
6 13
0 8
3 17
6 15
5 0
5 1
1 2
6 18
2 3
8 7
10 19
0 4
9 8
7 11
10 13
6 4
1 20
10 3
-1 10
9 13
9 13
0 2
-1 10
11 9
2 2
4 17
11 18
4 1
1 20
4 5
4 6
3 17
0 18
10 19
10 15
2 16
2 1
6 18
4 12
1 3
0 19
11 11
10 17
8 18
7 3
10 7
6 8
-1 10
6 0
10 9
11 16
0 17
11 19
2 7
7 17
3 1
0 5
11 8
10 2
5 17
3 5
-1 10
8 4
11 13
10 6
